# Created by Octave 3.8.0, Fri Jun 16 10:33:45 2017 CST <earthaa@Zhous-MacBook-Pro.local>
# name: a
# type: matrix
# rows: 5000
# columns: 1
 0.9995223039089896
 0.9999309849557337
 0.9996202518868469
 0.9999236828754399
 0.9992297962682727
 0.9999998681529215
 0.9993454989817979
 0.9637053247027801
 0.9996423685184476
 0.9992755952237814
 0.9966012277273986
 0.9998516252551861
 0.999982623795402
 0.8980262299677573
 0.9999990001689139
 0.7999803549592318
 0.9999991805120122
 0.9999934411401101
 0.993459312102579
 0.9998158319032732
 0.998746020576138
 0.9985352117358341
 0.9998916476941091
 0.6428026770854264
 0.9923403586699897
 0.999978018319608
 0.7267876424788438
 0.9601025695693536
 0.8807615507216698
 0.9998168840797227
 0.9823964041741304
 0.9999978981183449
 0.9999987580115584
 0.9874960406855273
 0.9999997690490834
 0.9968473907190146
 0.9999037382183121
 0.999993254211451
 0.9999977210840808
 0.9999997664903165
 0.9999973864164681
 0.9999954835826035
 0.9969965305997374
 0.9997659227952196
 0.9999720200641277
 0.9999364530281316
 0.9999834977759408
 0.9953396390924127
 0.9993144327755888
 0.991737384615259
 0.999970716302675
 0.9992343797099624
 0.9996526002718943
 0.9813423210092653
 0.985913991862194
 0.999966861410588
 0.9972176290134671
 0.7614570976198949
 0.9871646506966743
 0.9986922946326172
 0.9987473893218753
 0.999918971392333
 0.9999029221254959
 0.9980905966979191
 0.9911664079283554
 0.7798975255870143
 0.9849989502877928
 0.9998915837403903
 0.9990499323970695
 0.977194909080109
 0.9990226010691817
 0.9955510344897035
 0.9999844352655202
 0.999950684915662
 0.99755048309355
 0.9995115668469604
 0.9999895291343815
 0.9999866541418644
 0.9769046384191075
 0.9979982114897354
 0.9952307703842642
 0.9999549285630097
 0.9983587571421291
 0.9997484382300476
 0.9839601818958856
 0.9422451879835926
 0.9721432971937252
 0.8758234302781299
 0.9972413854016874
 0.7148268782444357
 0.9982674646727808
 0.9988094444542541
 0.947114088861328
 0.9935721103216203
 0.8462903693493845
 0.9986733681806582
 0.9720942714932186
 0.9523769381757498
 0.9851034962288088
 0.9999781993868031
 0.9114155899726198
 0.7832702595154754
 0.9999109243500912
 0.7738667026962747
 0.8256346603360286
 0.9870281591343357
 0.9997214346488122
 0.994402972570713
 0.9990030953962697
 0.9516043355592699
 0.9996137931035702
 0.9926948324797192
 0.6618418256981687
 0.9950192792944613
 0.8053223221024223
 0.9999291396957501
 0.9977108028983224
 0.9984829651279161
 0.9999209206709729
 0.9984162958297229
 0.986174692147502
 0.9420516387600295
 0.9999000691266491
 0.9998739507850237
 0.999857067251101
 0.9999968596517012
 0.9984375344562892
 0.9999378691811137
 0.9999996396186037
 0.9766615241480523
 0.9999920014900069
 0.1789584004796417
 0.9996009546574957
 0.5503380375877939
 0.9996950941694753
 0.7851829485542813
 0.9999960358693601
 0.9998413747477186
 0.999920243818926
 0.9999603400094116
 0.9036027465617241
 0.9999721662995311
 0.2455715299375199
 0.9999019089044688
 0.9981475438305812
 0.9971887562455579
 0.9919016272162062
 0.9999476532807741
 0.9894274633789293
 0.9973842589937003
 0.9964161517659077
 0.9999357158179338
 0.9964877288599039
 0.9999017132023386
 0.9838774026072151
 0.9998655331883805
 0.9999947017173174
 0.9999972844017047
 0.9891821349871881
 0.9992877390941398
 0.999997041549305
 0.999793103965233
 0.9999902795834178
 0.9999977023520233
 0.9999862096547317
 0.9999489094816977
 0.9993603580345356
 0.9996499646090994
 0.9999771877170078
 0.9987595969868452
 0.9992166440698359
 0.9587708376402381
 0.9994562968078022
 0.9999995813016377
 0.9999356746814581
 0.9922932534272262
 0.9985574996980744
 0.9489988941695848
 0.9996245524767773
 0.9999893573487634
 0.9594772411122048
 0.9996205690338485
 0.9981760608404026
 0.9999773905555763
 0.9999889372862771
 0.8688652210455727
 0.9950673096819354
 0.9999899873580977
 0.9999714035661411
 0.9999927712893772
 0.9995541912131455
 0.9999990079337705
 0.9999883621295793
 0.9120745477213026
 0.9989705383283373
 0.9999963761949618
 0.9961812550270573
 0.9995789080228886
 0.9999345194595672
 0.9999824215973809
 0.9893798597522142
 0.9990549007077817
 0.9999998581959854
 0.9999715793347823
 0.9999921825329862
 0.9795327122404488
 0.9999987459378149
 0.9989170692061451
 0.9998986663326914
 0.9810161545605759
 0.9989235271921523
 0.9999999485339683
 0.9999991144373372
 0.9999958143425833
 0.9393975493977218
 0.9999424890467979
 0.800269310973034
 0.9999999072790361
 0.9999975296906656
 0.9999952386438721
 0.9764744427422952
 0.9978945443228393
 0.9999997032581579
 0.9994268131861975
 0.9894214232262273
 0.9999726345241012
 0.7536189576824832
 0.9999829579704573
 0.9999292305435065
 0.9664826497462652
 0.9977623074129128
 0.9999502175671079
 0.999906000968335
 0.9998729673919892
 0.9985414455926293
 0.9999991494067534
 0.9448519493116594
 0.9997620606088995
 0.9978450364209762
 0.6745352229563397
 0.9999945415725178
 0.9995406726673699
 0.9984137884324312
 0.9983597970605486
 0.9794154688300906
 0.9640788327750969
 0.9468139797732876
 0.9995826363712563
 0.9359332318418021
 0.999807851011566
 0.999579038373698
 0.9992778057092356
 0.9999188649675467
 0.9997891896553326
 0.9978947408854425
 0.9997269350084125
 0.9957724921754677
 0.9881824516774079
 0.9998282672515361
 0.9971256574774519
 0.8788218027007971
 0.6939376418119537
 0.9984373451737132
 0.9999407635402957
 0.9999739938277137
 0.7981123847602013
 0.9948088309368788
 0.9299016028016761
 0.9959262795723909
 0.9817298320140938
 0.9999960225663893
 0.9971355087377788
 0.9981260000883794
 0.9999932185369536
 0.9999995819405649
 0.9990690035248937
 0.9999116058116675
 0.9999893927380362
 0.9999879726054036
 0.9999759089254797
 0.9999793146628672
 0.9932289000077336
 0.8839954114361702
 0.9996863127019149
 0.9998963748673513
 0.9925319179924272
 0.6092752433914161
 0.9999787179806517
 0.9810732329887307
 0.9992287601589391
 0.9999337669271274
 0.9999982487303275
 0.9928605674755356
 0.9941340885929683
 0.9996072912968326
 0.9982933550430141
 0.9986963057488321
 0.9999379313463278
 0.9991294854768288
 0.9999836211270059
 0.9997090831907629
 0.9988668915187896
 0.9983968022184991
 0.9999413666779822
 0.9992997599340291
 0.9999406646229559
 0.9988024398873452
 0.9871642468102467
 0.999978258349848
 0.999877122799852
 0.9998908919127886
 0.9991544759850715
 0.9999978842800269
 0.9999731728510233
 0.9999982059115116
 0.999973395729377
 0.7491771979259869
 0.9841742131730675
 0.9999320191564234
 0.9982279822138039
 0.9998282304956929
 0.9999943076349807
 0.9999598736711595
 0.9984954005397564
 0.9998797880818788
 0.998662968561349
 0.9998633564516708
 0.9990339560878567
 0.9996470635627378
 0.9744327725959379
 0.996849382787771
 0.9996358980093337
 0.9999921599941539
 0.9983005144643704
 0.9999904645930726
 0.9997791956186359
 0.999995543704517
 0.9999911316569174
 0.9999999270711946
 0.999936739967931
 0.9987952223227664
 0.9559315355741034
 0.9997527408623018
 0.9682251187515631
 0.9574932633403622
 0.9999992648478888
 0.9995737767669236
 0.999593213037406
 0.999821152792693
 0.9972264326874509
 0.9999998280442828
 0.7774013019007344
 0.9840388708323209
 0.9999651671507914
 0.999547129258845
 0.9991136223962269
 0.9999829272860757
 0.4624919339076608
 0.9587598346256208
 0.9999668077738761
 0.9999998488261768
 0.9998672106162383
 0.9952240295809552
 0.9401133612518054
 0.9993459688341592
 0.9995222796245941
 0.9998403533954736
 0.9915783895892643
 0.9999964347773457
 0.9407667542935725
 0.6869158066062172
 0.9851007286659409
 0.9999605667462216
 0.9694339156906642
 0.9973281200168167
 0.9998504709224304
 0.9997966180529063
 0.986668643457282
 0.9975048586138147
 0.9999951389534217
 0.9991913158330085
 0.997560281020345
 0.9999993352693277
 0.9991669954746067
 0.9999890853784743
 0.9996694152855677
 0.9999980173222066
 0.9999938262433221
 0.9849450356945004
 0.9924984509805567
 0.9992122350936405
 0.9999994946619466
 0.423288720273346
 0.9963058496962054
